25.709326,24.454871
-13.380656,-15.418221
10.579077,10.235979
1.621472,-4.170603
5.798370,4.533377
-5.384102,-5.714110
0.679338,0.651344
-14.631171,-14.686440
7.374532,2.622418
21.460382,17.775854
21.006221,18.466290
17.854100,13.380110
2.346374,0.329878
-6.999221,-8.842264
3.445413,2.693749
-11.174559,-12.622586
-0.633271,-0.705795
-0.263621,-1.003171
-11.396247,-12.828919
-16.063221,-16.687983
4.553318,4.058516
15.551764,10.100401
18.728350,12.502545
6.785756,2.118160
18.086779,17.454964
-1.237178,-1.692467
8.063919,7.293533
29.129342,27.295973
10.375492,9.869233
15.971365,14.283262
-6.034269,-10.552021
-23.389116,-27.975164
5.807647,3.465514
4.727809,1.974312
-12.570601,-14.351162
-12.283743,-13.108797
-0.313530,-3.456549
-0.969993,-6.899410
4.640581,1.712202
-4.877828,-10.391097
12.879265,11.667170
17.657706,17.525008
11.805196,9.731249
12.844122,12.619552
15.401231,11.586758
0.375638,0.001629
-20.500084,-20.944462
-13.650724,-14.953068
-0.521281,-4.480973
-3.153247,-5.137052
-13.927869,-15.929677
-0.232339,-2.561451
5.714110,5.413448
3.381098,2.037298
8.440451,7.510587
12.422144,10.111430
-17.341361,-20.694689
-3.774514,-4.324953
7.533145,6.283811
-14.353413,-17.015580
-4.839716,-8.110589
12.140531,5.812817
1.806632,-0.942639
-11.962890,-13.891414
28.996212,27.208959
3.205123,-2.826161
-10.163882,-12.300110
-7.453131,-12.616763
-2.904865,-5.410349
-0.465896,-0.590356
5.051575,2.464518
-10.732992,-16.905980
-12.878981,-14.023125
0.052794,0.036126
-8.842186,-10.459494
-12.254550,-14.067689
-29.266787,-29.451316
32.799465,32.512025
-4.197270,-6.416512
15.789698,13.109823
4.026048,-0.560958
-0.188230,-2.075168
-0.248190,-0.255520
-23.065065,-27.343006
31.473586,28.511542
-15.539841,-19.091082
-3.843877,-6.800454
1.096744,-4.817962
16.856980,15.751960
-17.207421,-20.824049
-3.286865,-8.608582
-0.282721,-0.380279
-21.434186,-22.238889
8.544984,5.628634
-0.629394,-1.596703
11.091737,10.648634
-2.264994,-2.878887
1.660861,1.460041
-26.301622,-28.266184
-5.454397,-5.681361
-17.863127,-21.565744
3.602315,2.191130
1.558669,1.386955
11.320085,11.320085
0.025950,-0.113997
-12.443294,-16.737052
30.552030,27.231985
33.251939,32.711935
-15.654590,-16.729350
18.445268,17.308348
0.903248,-1.322920
9.107399,8.546042
-27.232149,-29.695634
18.799090,14.835805
1.646201,0.952015
6.367120,4.042253
26.625904,22.929469
9.808798,3.351730
-1.268686,-4.827791
4.849467,4.125774
11.644809,9.217615
-8.374923,-9.543930
-12.159265,-14.543407
-0.089682,-0.134340
6.026059,5.638921
-1.664207,-5.944189
-3.347601,-4.204183
-17.763053,-20.835523
-5.836024,-7.045698
-0.199004,-0.327172
4.777491,4.012326
1.882188,-1.659645
-6.514349,-7.922166
15.676814,11.702083
-19.748766,-24.522990
-4.255711,-10.190989
-9.147123,-11.895392
13.298826,12.967011
11.241720,10.278186
-13.981293,-12.482806
29.371601,31.886476
-29.968038,-28.120884
2.076210,8.481128
-5.969612,-4.508238
1.525637,2.609714
-11.310549,-8.156158
-5.132826,-5.100666
14.538594,19.179491
10.948195,10.975747
0.394920,6.210254
3.473587,5.515560
-18.786436,-17.701458
12.122696,16.657772
-28.342725,-26.705839
-29.195241,-28.102233
1.971578,6.651545
-33.712871,-32.196088
7.126866,7.892122
-0.073475,-0.024044
-9.487974,-7.244742
-1.139162,-1.105061
-6.171831,-2.506397
5.885374,7.982112
10.335458,10.413717
8.541016,8.793278
24.068122,25.756532
-6.760191,-5.367074
-0.057446,0.147756
-3.877725,-1.325044
-1.183633,-0.757333
-26.994084,-26.051115
21.755790,23.978501
6.019644,6.564196
2.155044,2.204561
11.986686,17.221444
24.545381,28.391468
-18.319373,-16.328634
9.152464,14.196362
-15.031340,-11.220264
1.818305,4.138218
-6.327747,-3.659402
-28.118168,-27.731546
-30.358141,-26.296109
7.391690,7.866340
13.315495,17.983887
-10.623625,-6.461885
3.694845,5.100156
17.450003,19.610437
-2.712996,3.076784
3.982417,9.063445
-3.376090,-2.988795
-22.353082,-20.343914
4.868961,11.357896
-0.663183,-0.545332
12.386554,17.342059
12.486010,17.748139
0.251825,7.225419
-7.819103,-6.132628
-5.699747,-5.443308
19.175257,21.004668
-7.223843,-6.233157
26.147238,26.511772
-18.325229,-13.275847
4.732030,4.767861
-2.165571,-2.059905
1.087073,3.056971
2.626294,7.685819
-0.500758,-0.304589
-2.337219,-2.232064
-0.350126,-0.225728
0.006097,1.406161
8.925378,10.603983
-8.728873,-3.440778
-0.346064,-0.247176
-17.240484,-15.617946
-7.598641,-3.417414
0.017297,3.988929
2.606304,7.063868
19.538524,22.824540
10.486586,12.660216
0.766490,2.007503
21.955523,25.445092
-3.236559,-2.884847
-7.016366,-5.520196
16.289011,22.092176
12.942661,13.831235
-1.971655,-1.176518
30.083963,30.311757
8.414524,12.296642
-0.585535,5.871458
-13.179377,-9.990339
1.306707,1.444729
19.812003,23.051384
12.255997,12.799549
-7.997274,-7.837546
0.001992,0.008817
-9.223282,-6.742133
-24.147393,-22.659009
-10.710255,-8.552773
0.325826,0.383783
27.032185,31.031769
16.584472,17.162533
-1.187266,3.053778
-11.595478,-5.094976
15.964143,16.805525
-18.831919,-14.861713
6.934373,7.860282
-24.358793,-19.507428
-28.257748,-23.678915
-17.036884,-12.108645
13.897118,17.353238
-13.731366,-10.735682
-4.609283,-3.154107
-26.645720,-22.476873
-9.654441,-5.926131
-4.059177,-3.983154
13.049234,15.036332
-1.661580,-0.779985
3.075776,5.261339
-18.727163,-12.419560
8.004422,8.157194
-1.972252,1.179871
-17.490058,-12.368135
14.955953,19.449494
4.750996,4.968247
-2.161033,-2.120560
-20.774735,-19.412895
-8.980342,-3.313412
-2.494506,-1.643147
0.016752,3.863243
-4.419519,-4.118189
7.200862,8.463951
11.332937,15.503533
16.501467,21.039375
26.649210,28.930987
16.480214,16.923542
-6.435277,-0.904740
-1.571672,-1.200083
-1.752264,-1.584861
