0.887033,35.471444
1.440776,-20.363882
0.242607,14.718468
4.095615,-1.802508
0.894485,7.305649
0.233351,-7.847621
0.019794,0.940934
0.039081,-20.730682
3.360252,7.068911
2.605355,27.744209
1.796003,27.911280
3.163589,22.085922
1.425877,1.892396
1.303229,-11.201622
0.531506,4.341043
1.023910,-16.827123
0.051282,-0.946862
0.522940,-0.895757
1.013052,-17.129779
0.441774,-23.158599
0.349878,6.089486
3.854695,18.138820
4.402309,22.083578
3.300489,6.296019
0.446761,25.131808
0.321938,-2.071572
0.544745,10.859358
1.296388,39.898723
0.357979,14.315183
1.193669,21.393251
3.194533,-11.728278
3.242826,-36.320030
1.656138,6.557115
1.947016,4.739115
1.259047,-19.036561
0.583401,-17.955237
2.222450,-2.665848
4.192731,-5.564508
2.070677,4.492095
3.898470,-10.796760
0.857080,17.356951
0.093832,24.877935
1.466502,15.228567
0.158795,18.005537
2.697240,19.083390
0.264464,0.266768
0.314222,-29.305719
0.920896,-20.225935
2.799925,-3.537128
1.402762,-5.862127
1.415492,-21.112473
1.646930,-1.975508
0.212600,7.868372
0.950210,3.831385
0.657513,11.279088
1.633922,15.933643
2.371162,-26.895549
0.389219,-5.727188
0.883413,9.770063
1.882436,-22.181227
2.312857,-9.157249
4.474369,12.694934
1.944028,0.610935
1.363673,-18.281754
1.263779,39.743058
4.264762,0.267966
1.510542,-15.884441
3.651239,-14.191558
1.771645,-5.879744
0.088007,-0.746883
1.829325,5.314680
4.364961,-19.543704
0.809032,-19.022662
0.011786,0.062876
1.143610,-13.648349
1.282083,-18.612634
0.130482,-41.519969
0.203251,46.182197
1.569241,-7.505078
1.894958,20.435047
3.243503,2.450189
1.334266,-1.600464
0.005183,-0.356177
3.024961,-35.643889
2.094482,42.415891
2.511107,-24.487760
2.090616,-7.526679
4.182328,-2.631298
0.781368,23.058003
2.557342,-26.892310
3.763022,-8.411351
0.068984,-0.468812
0.569011,-30.881527
2.062171,10.022262
0.683991,-1.574088
0.313321,15.372764
0.434088,-3.637273
0.142001,2.206811
1.389155,-38.585265
0.160488,-7.874170
2.618146,-27.880422
0.997858,4.096584
0.121421,2.082871
0.000000,16.009017
0.098957,-0.062259
3.036145,-20.633620
2.347626,40.859469
0.381840,46.643503
0.759970,-22.898904
0.803923,25.281624
1.574139,-0.296753
0.396939,12.482867
1.741947,-40.254021
2.802466,23.783462
0.490864,1.837217
1.643929,7.360538
2.613774,35.040941
4.565837,9.305899
2.516668,-4.310861
0.511729,6.346454
1.716285,14.751962
0.826613,-12.670543
1.685843,-18.881640
0.031578,-0.158408
0.273748,8.248386
3.026404,-5.379948
0.605695,-5.339917
2.172564,-27.293314
0.855369,-9.108753
0.090628,-0.372062
0.541053,6.215339
2.504455,0.157362
0.995477,-10.208158
2.810559,19.359804
3.375887,-31.304859
4.196875,-10.215360
1.943319,-14.879305
0.234628,18.572751
0.681321,15.216872
-1.059590,-18.712944
-1.778285,43.316002
-1.306135,-41.075070
-4.528961,7.465165
-1.033348,-7.408959
-0.766558,2.924135
-2.230491,-13.765040
-0.022741,-7.236172
-3.281609,23.842286
-0.019482,15.502568
-4.112062,4.670564
-1.443892,6.356287
-0.767195,-25.800837
-3.206783,20.350864
-1.157453,-38.925213
-0.772873,-40.515433
-3.309236,6.097469
-1.072527,-46.604672
-0.541117,10.620028
-0.034954,-0.068956
-1.586204,-11.831817
-0.024113,-1.586906
-2.591853,-6.136434
-1.482618,9.805794
-0.055338,14.671882
-0.178376,12.257197
-1.193886,35.231351
-0.985082,-8.575271
-0.145100,0.063859
-1.805018,-3.678913
-0.301440,-1.372470
-0.666780,-37.508620
-1.571694,32.339027
-0.385056,8.898119
-0.035014,3.082707
-3.701533,20.653267
-2.719594,37.432005
-1.407666,-24.499841
-3.566575,16.510114
-2.694838,-18.562688
-1.640426,4.211898
-1.886805,-7.061981
-0.273383,-39.491711
-2.872290,-40.060604
-0.335629,10.789056
-3.301052,22.132005
-2.942794,-12.081280
-0.993704,6.219005
-1.527658,26.205688
-4.093993,0.257237
-3.592829,9.224818
-0.273859,-4.500654
-1.420696,-30.191335
-4.588370,11.474120
-0.083334,-0.854549
-3.504071,21.021304
-3.720887,21.378771
-4.931076,5.287210
-1.192518,-9.865364
-0.181329,-7.879330
-1.293589,28.411498
-0.700521,-9.515536
-0.257764,37.235543
-3.570452,-22.345335
-0.025336,6.717437
-0.074717,-2.987862
-1.392928,2.930282
-3.577625,7.291766
-0.138712,-0.569467
-0.074355,-3.230971
-0.087963,-0.407190
-0.989995,0.998618
-1.186953,13.809344
-3.739248,-8.605242
-0.069924,-0.419484
-1.147308,-23.234419
-2.956574,-7.789528
-2.808368,2.832829
-3.151973,6.837844
-2.323564,29.955209
-1.536988,16.367261
-0.877529,1.961509
-2.467498,33.517296
-0.248698,-4.328488
-1.057951,-8.864688
-4.103457,27.139597
-0.628316,18.932003
-0.562247,-2.226094
-0.161075,42.706223
-2.745072,14.645006
-4.565783,3.737712
-2.254990,-16.383464
-0.097596,1.945559
-2.290588,30.308991
-0.384349,17.716947
-0.112944,-11.196909
-0.004826,0.007643
-1.754438,-11.289253
-1.052446,-33.097124
-1.525570,-13.621017
-0.040982,0.501770
-2.828133,41.057416
-0.408751,23.862737
-2.998871,1.319823
-4.596549,-11.801933
-0.594947,23.171654
-2.807360,-23.824996
-0.654717,10.461401
-3.430433,-31.018102
-3.237724,-36.724766
-3.484792,-20.609001
-2.443845,22.097339
-2.118268,-17.300815
-1.028965,-5.489546
-2.947820,-34.734919
-2.636314,-11.017128
-0.053756,-5.686787
-1.405090,19.859494
-0.623382,-1.726447
-1.545427,5.895230
-4.460149,-22.024059
-0.108026,11.427988
-2.228887,-0.560298
-3.621746,-21.112931
-3.177413,24.328325
-0.153620,6.872543
-0.028619,-3.027544
-0.962966,-28.416946
-4.007125,-8.692997
-0.602002,-2.925763
-2.719880,2.743570
-0.213073,-6.037072
-0.893138,11.076695
-2.949057,18.976250
-3.208786,26.545384
-1.613460,39.301134
-0.313480,23.620023
-3.910680,-5.190176
-0.262753,-1.959927
-0.118371,-2.359704
