10.037494,34.033203
-3.878877,-20.042899
4.043760,14.154157
3.489537,-2.801112
2.754847,6.825205
-1.805714,-7.640616
0.262652,0.903750
-5.327746,-20.034416
5.075323,5.958347
9.697309,26.124533
8.958776,26.495387
8.772049,20.514565
1.867080,1.458870
-1.640371,-11.157236
1.636940,4.055561
-3.366159,-16.518760
-0.195531,-0.927872
0.273283,-1.000582
-3.454980,-16.808293
-5.567166,-22.483828
1.914031,5.791437
8.418022,16.523086
9.967955,20.191696
4.817557,5.227258
6.936128,24.159832
-0.225194,-2.084308
3.336792,10.348344
11.578764,38.203677
4.050823,13.734753
6.689977,20.355350
0.050180,-12.155453
-6.267986,-35.921760
3.296813,5.905047
3.107246,4.073708
-3.710878,-18.713771
-4.083635,-17.494422
1.456749,-3.150224
2.609666,-6.460061
3.162760,3.803100
0.971225,-11.437868
5.320185,16.543698
6.529518,24.005955
5.357975,14.330107
4.813560,17.350914
7.544478,17.735042
0.324498,0.189230
-7.281363,-28.388478
-4.345340,-19.775099
1.789044,-4.141277
-0.162266,-6.025441
-4.097050,-20.759440
1.079514,-2.334451
2.241840,7.545239
1.909468,3.454901
3.554352,10.724585
5.702177,14.967827
-4.670714,-26.592807
-1.106348,-5.632776
3.381990,9.208512
-3.922630,-21.912631
-0.136022,-9.443834
7.607600,11.104313
2.035908,0.086967
-3.414459,-18.011763
11.506977,38.061756
4.188798,-0.844966
-2.652125,-15.734149
-0.146219,-14.653003
0.189488,-6.137932
-0.108299,-0.744211
3.142533,4.660123
-0.842054,-20.007504
-4.141962,-18.583873
0.027658,0.057683
-2.427810,-13.479280
-3.578907,-18.310251
-10.620123,-40.138981
12.149158,44.555972
-0.426687,-7.655498
7.119368,19.248289
3.767139,1.527220
0.874572,-1.891263
-0.087179,-0.345382
-6.303429,-35.212271
13.001155,40.428513
-3.912356,-24.303282
0.071332,-7.811305
3.358789,-3.624105
6.722593,22.070087
-4.490039,-26.637866
1.457782,-9.098683
-0.054704,-0.470692
-7.443105,-29.976536
4.585856,9.147032
0.253280,-1.697482
4.281409,14.767856
-0.522098,-3.625686
0.708328,2.094863
-8.644781,-37.630044
-1.882965,-7.647401
-4.687049,-27.608046
2.024131,3.698732
0.656370,1.980473
4.143439,15.463523
0.079472,-0.085749
-2.407683,-20.716359
12.842842,38.859606
12.441056,44.955337
-5.192598,-22.315337
7.319896,24.212103
1.443696,-0.694059
3.614218,11.954788
-8.735916,-39.333248
8.862587,22.247729
0.949644,1.647570
3.492961,6.684254
11.593975,33.170455
6.818803,7.807082
1.315181,-4.815333
2.136875,5.997759
5.475893,13.805093
-2.480931,-12.452747
-3.258529,-18.674592
-0.010497,-0.161183
2.399260,7.896478
1.530849,-5.979922
-0.797016,-5.314729
-4.965494,-26.925618
-1.531296,-9.019765
-0.008757,-0.382841
2.131266,5.863521
2.459845,-0.496201
-1.680509,-10.117972
7.725478,17.972708
-4.841438,-31.111915
1.409940,-10.953511
-1.973945,-14.875273
5.033615,17.879174
4.596522,14.522031
-5.866752,-17.801074
9.493315,42.300299
-11.892640,-39.337419
-2.442513,8.382977
-2.915717,-6.889055
0.016384,3.022897
-5.717144,-12.718714
-1.894825,-6.983720
3.001047,23.879223
3.993542,14.979373
-2.763116,5.575698
0.250435,6.513408
-7.418802,-24.723130
2.169677,20.487402
-11.192600,-37.299298
-11.232704,-38.934869
-1.618336,6.746196
-13.098158,-44.739066
2.225986,10.398211
-0.051610,-0.057560
-4.594455,-11.018118
-0.434013,-1.526592
-4.091764,-5.256519
1.105827,9.855399
3.743910,14.186273
3.000098,11.885711
7.965339,34.339872
-3.170960,-8.028118
-0.123627,0.099238
-2.695686,-3.086384
-0.646390,-1.247686
-10.352005,-36.057970
6.851816,31.643886
1.931067,8.694582
0.764042,2.986728
1.770053,20.907551
7.061189,36.860424
-7.700726,-23.300698
0.828085,16.870642
-7.407391,-17.232704
-0.494410,4.492955
-3.650288,-6.333009
-10.485274,-38.075307
-13.142866,-37.952169
2.468221,10.508295
2.539613,22.232251
-5.969386,-10.907969
0.649752,6.264287
5.306927,25.708138
-3.887915,1.308075
-1.082848,9.840382
-1.429383,-4.276418
-9.186380,-28.794887
-1.462304,12.270707
-0.301668,-0.803863
2.056041,21.211941
1.939132,21.613344
-3.394623,6.383309
-3.705228,-9.220563
-2.214471,-7.563916
6.103926,27.778205
-3.139453,-9.009994
9.388287,36.033487
-9.232190,-20.659835
1.714128,6.495103
-0.845487,-2.866715
-0.587052,3.190951
-1.568472,7.969262
-0.281375,-0.514161
-0.908059,-3.101634
-0.190354,-0.370549
-0.697800,1.220820
2.427613,13.646008
-5.839037,-7.344237
-0.176112,-0.387093
-7.121724,-22.145780
-4.871909,-6.758888
-1.979485,3.463162
-1.274808,7.420641
5.508588,29.535893
2.751542,16.207362
-0.339952,2.121794
6.291494,33.013857
-1.360519,-4.116631
-3.316253,-8.288813
3.060609,27.276891
4.293056,18.449531
-1.119245,-2.004722
10.897597,41.292733
1.138871,14.856466
-3.442817,4.792065
-6.418506,-15.241576
0.409277,1.904525
5.632006,29.869085
4.214231,17.212733
-3.007069,-10.786151
-0.002683,0.008632
-4.616531,-10.450499
-9.582751,-31.696973
-4.998966,-12.762046
0.090282,0.495279
7.894674,40.390393
5.781308,23.155426
-2.555091,2.051016
-7.494491,-10.210117
5.422591,22.536082
-8.878064,-22.286580
2.075202,10.274390
-11.341620,-29.073325
-12.632470,-34.635416
-8.700052,-19.004836
3.358639,21.976904
-6.523871,-16.163056
-2.414703,-5.036178
-11.837434,-32.788403
-5.397926,-9.959400
-1.523773,-5.479101
3.782803,19.546462
-1.048978,-1.506277
0.033030,6.094341
-10.008419,-20.119236
2.853436,11.066548
-2.297956,0.035672
-8.962767,-19.456148
3.227489,24.321733
1.630360,6.678126
-0.811230,-2.916976
-8.285001,-27.199428
-6.120498,-7.359670
-1.338733,-2.670260
-1.917114,3.354042
-1.768322,-5.776216
2.004154,10.930427
2.062844,19.092922
3.771002,26.471367
8.613400,38.379575
5.810513,22.896325
-5.120743,-4.001166
-0.761066,-1.825139
-0.725074,-2.248662
