18.503915,30.275655
-8.934192,-18.356027
7.569338,12.625263
2.645653,-3.608825
4.427471,5.879635
-3.721722,-6.912915
0.487610,0.804976
-10.331496,-17.972838
6.444519,4.441731
16.128408,22.724513
15.511024,23.273876
13.782709,17.545175
2.181044,0.925924
-4.472182,-10.352503
2.630819,3.493700
-7.526830,-15.084671
-0.429020,-0.845648
0.005001,-1.037219
-7.687561,-15.341350
-11.196712,-20.276822
3.347747,5.098711
12.407674,13.781331
14.854301,16.923785
6.006317,3.802268
12.952810,21.541404
-0.756979,-1.955003
5.901442,9.132108
21.072067,33.905114
7.467611,12.218322
11.730373,17.930265
-3.097592,-11.754253
-15.351646,-33.075482
4.712816,4.850559
4.055723,3.130685
-8.427914,-17.115669
-8.472378,-15.841392
0.591774,-3.419917
0.848757,-6.915371
4.039306,2.854930
-2.022206,-11.299503
9.420729,14.603020
12.520229,21.498008
8.884311,12.455075
9.140289,15.513855
11.877573,15.178080
0.362417,0.098796
-14.380735,-25.536609
-9.315448,-17.976622
0.656242,-4.463205
-1.716236,-5.778132
-9.330384,-18.991684
0.438530,-2.534305
4.118303,6.707910
2.738599,2.842971
6.208967,9.439220
9.381839,12.981978
-11.394288,-24.477809
-2.526520,-5.154500
5.650089,8.019417
-9.460376,-20.150724
-2.575631,-9.086838
10.222384,8.756951
1.989045,-0.442928
-7.959902,-16.514300
20.965993,33.786609
3.827375,-1.900315
-6.634053,-14.511601
-3.933713,-14.115869
-1.405583,-5.977830
-0.297225,-0.690823
4.241582,3.687986
-5.991685,-19.107825
-8.810689,-16.878624
0.041645,0.048560
-5.833779,-12.391621
-8.196001,-16.760055
-20.646984,-36.022588
23.267119,39.893330
-2.393536,-7.284209
11.858605,16.749791
4.034051,0.500174
0.355276,-2.053176
-0.173599,-0.311050
-15.202251,-32.380994
23.021820,35.685998
-10.069198,-22.462576
-1.952813,-7.563603
2.306354,-4.369935
12.205685,19.578132
-11.231432,-24.568095
-0.946803,-9.165955
-0.174665,-0.440495
-14.947986,-27.028692
6.797023,7.648448
-0.194691,-1.705196
7.957726,13.156543
-1.442705,-3.367015
1.226382,1.840154
-18.089589,-34.110397
-3.798098,-6.899475
-11.672830,-25.454227
2.912462,3.048817
1.146589,1.743109
8.004509,13.864216
0.054570,-0.103396
-7.687431,-19.387312
22.462839,34.211525
23.652435,40.203538
-10.791299,-20.211018
13.337030,21.492567
1.214867,-1.044065
6.585193,10.612011
-18.618440,-35.731979
14.318738,19.195850
1.343709,1.345645
5.103954,5.552449
19.784065,29.039458
8.607080,5.776226
0.024068,-4.991649
3.616397,5.240326
8.862327,11.917431
-5.619404,-11.386318
-7.980837,-17.194901
-0.051856,-0.152974
4.361266,7.006438
-0.069031,-6.172374
-2.145412,-4.927351
-11.765161,-24.722986
-3.813605,-8.316096
-0.107545,-0.367530
3.576235,5.112115
2.247602,-1.115948
-4.241971,-9.338263
12.113918,15.360802
-12.728826,-28.798746
-1.473079,-10.945199
-5.756689,-13.857516
9.489570,15.967160
8.198477,12.837537
-10.274104,-15.676090
20.117961,38.401901
-21.668681,-34.918987
-0.189613,8.729503
-4.599385,-5.899673
0.798209,2.915654
-8.814182,-10.805629
-3.637780,-6.255339
9.079186,22.288830
7.734412,13.435359
-1.225869,6.100858
1.927696,6.226652
-13.564829,-21.960583
7.398277,19.227757
-20.464990,-33.131497
-20.927044,-34.700957
0.182852,6.935181
-24.231172,-39.824566
4.841393,9.467773
-0.064749,-0.042241
-7.289602,-9.453552
-0.814335,-1.362244
-5.312828,-4.018381
3.618912,9.233375
7.288017,12.733892
5.974120,10.704232
16.581739,31.108188
-5.140742,-6.933862
-0.093730,0.127854
-3.402648,-2.283523
-0.947290,-1.037874
-19.331758,-32.150028
14.808387,28.792266
4.115591,7.898525
1.511030,2.687209
7.121012,19.737020
16.360765,33.776865
-13.468995,-20.513652
5.166313,16.081465
-11.615142,-14.728340
0.685298,4.467824
-5.165011,-5.172453
-19.982612,-34.064134
-22.517778,-33.257356
5.103865,9.511411
8.207208,20.817405
-8.589174,-8.991298
2.248929,5.882668
11.779854,23.458621
-3.416883,2.269770
1.500927,9.785341
-2.487496,-3.760751
-16.326027,-25.436115
1.763416,12.231065
-0.499444,-0.698395
7.476037,19.957019
7.467003,20.375003
-1.626832,7.044396
-5.965432,-7.947397
-4.096701,-6.733035
13.085468,25.251874
-5.364437,-7.890436
18.394541,32.375808
-14.264770,-17.566402
3.336777,5.830139
-1.558638,-2.550206
0.258830,3.234162
0.547569,8.103666
-0.404862,-0.423816
-1.679879,-2.760925
-0.279773,-0.308655
-0.358052,1.359825
5.876741,12.552719
-7.540905,-5.582734
-0.270298,-0.328322
-12.610807,-19.547943
-6.455232,-5.267642
-1.015703,3.857486
0.689233,7.497733
12.965339,27.103754
6.852560,14.942958
0.220792,2.137481
14.621732,30.260579
-2.379623,-3.624232
-5.348557,-7.148069
10.016100,25.555309
8.921864,16.709754
-1.599968,-1.646731
21.213616,37.065211
4.945201,14.055483
-2.085228,5.519846
-10.144611,-13.061001
0.888259,1.733702
13.170788,27.393650
8.525617,15.535500
-5.696267,-9.640335
-0.000358,0.009032
-7.164014,-8.899561
-17.460007,-28.136727
-8.131691,-11.033362
0.215394,0.455036
18.079473,36.970832
11.577380,20.870111
-1.937187,2.642436
-9.881695,-7.922499
11.070588,20.364714
-14.343743,-19.229372
4.663699,9.387197
-18.479894,-25.147248
-21.166334,-30.185719
-13.322419,-16.105523
8.932237,20.358779
-10.484882,-13.923811
-3.635882,-4.239603
-19.920347,-28.607412
-7.791679,-8.222956
-2.889947,-4.898024
8.712903,17.901371
-1.403088,-1.183456
1.609236,5.878133
-14.874632,-16.843320
5.620441,9.950941
-2.210422,0.629211
-13.692990,-16.473461
9.412442,22.657654
3.303233,6.028606
-1.538557,-2.607621
-15.042426,-24.128314
-7.816770,-5.524794
-1.984230,-2.232784
-0.983700,3.735942
-3.203062,-5.121721
4.764867,10.039269
6.934167,17.908443
10.493802,24.593370
18.253270,34.842511
11.538530,20.612280
-5.981836,-2.539484
-1.207514,-1.565970
-1.282364,-1.984378
