-16.967529,31.162688
11.429690,-16.915251
-7.149130,12.867871
4.448161,0.486790
-2.878177,6.774120
4.125899,-6.679564
-0.453325,0.824770
10.399186,-17.933756
-0.624392,7.801982
-11.615801,25.329867
-12.400256,25.069879
-8.303213,20.708764
0.288648,2.351802
6.729440,-9.049275
-1.710223,4.025207
9.300293,-14.060761
0.517843,-0.794366
0.900758,-0.514278
9.442219,-14.328298
11.961887,-19.835048
-2.741740,5.448589
-5.731146,17.636027
-7.229277,21.326094
-0.289702,7.102757
-12.178998,21.988165
1.314593,-1.633065
-4.957916,9.676853
-18.826656,35.201502
-6.847572,12.576302
-9.662878,19.123934
8.630686,-8.559720
20.968385,-29.832656
-1.844300,6.506698
-0.683392,5.077702
10.608647,-15.856622
9.482859,-15.257991
3.257622,-1.197468
6.413266,-2.722640
-0.452789,4.925607
8.774554,-7.401034
-7.936222,15.460100
-12.357707,21.591840
-6.344255,13.921577
-8.865248,15.672650
-7.205817,17.875320
0.095649,0.363260
14.924984,-25.222386
10.910487,-17.055725
4.193370,-1.663280
4.145891,-4.375370
11.782089,-17.576192
2.414037,-0.887375
-3.750069,6.920510
-1.092786,3.793182
-5.070121,10.096733
-6.551804,14.615900
15.501261,-22.106648
3.200668,-4.765281
-4.119974,8.902829
12.720851,-18.268288
6.581617,-6.773981
-2.472549,13.231320
1.378110,1.501099
10.321852,-15.150627
-18.777065,35.050387
3.559409,2.364447
9.250388,-13.001059
10.257845,-10.464630
4.474162,-4.206185
0.449658,-0.602816
-1.073098,5.517311
13.552020,-14.742864
10.211973,-16.069593
-0.021231,0.060345
7.814569,-11.248012
10.416633,-15.477972
20.872985,-35.892107
-22.915078,40.096581
5.111542,-5.714968
-8.576442,18.644749
1.583862,3.743677
1.955741,-0.718910
0.182577,-0.305866
20.441638,-29.356033
-19.394071,37.780480
14.418563,-19.951469
5.573866,-5.472988
4.937652,-0.187607
-10.852317,20.359500
15.660879,-22.010753
7.464548,-5.402933
0.294148,-0.371511
15.933541,-26.459682
-3.225238,9.710619
1.379398,-1.021205
-7.415038,13.469864
2.194568,-2.932927
-0.980429,1.982155
20.495676,-32.721242
4.076072,-6.738987
16.207592,-22.836081
-1.184122,4.046675
-0.936282,1.864529
-8.004509,13.864216
0.116829,-0.004439
12.946189,-16.351167
-18.396631,36.559151
-22.991068,40.585379
12.107605,-19.451048
-11.944594,22.296490
1.511621,0.530073
-5.897674,11.008950
21.635581,-33.990032
-9.464725,21.998316
-0.493508,1.836508
-2.256585,7.196378
-15.256875,31.653232
-0.698819,10.342063
4.334928,-2.474981
-2.730057,5.752055
-5.889634,13.633716
7.051139,-10.559705
10.900803,-15.509058
0.106551,-0.121396
-3.887121,7.280186
5.310917,-3.145970
3.194506,-4.321657
15.528153,-22.550422
5.295147,-7.460727
0.264517,-0.276901
-2.639103,5.653168
2.090240,1.388506
5.966187,-8.342786
-7.245886,18.171362
18.576033,-25.422860
8.742281,-6.748324
9.122616,-11.914197
-9.083181,16.201788
-7.018394,13.518858
8.438840,-16.735680
-23.198041,36.623615
19.406389,-36.225122
-7.654778,4.200542
2.809574,-6.933021
-2.125926,2.149096
4.950858,-13.036120
3.598392,-6.278079
-14.763100,19.007221
-7.768156,13.415877
-5.896432,1.988796
-4.428591,4.782760
12.236008,-22.727778
-12.952588,16.020974
18.460223,-34.288949
19.588389,-35.473831
-5.914617,3.625945
22.373500,-40.897094
-5.778636,8.926656
0.004208,-0.077195
4.542215,-11.039756
0.772570,-1.386357
0.823607,-6.610234
-6.186882,7.750757
-7.383865,12.678554
-6.283077,10.525856
-18.649611,29.914301
3.434529,-7.918944
-0.157590,-0.017246
0.276265,-4.088541
0.425180,-1.339314
18.176862,-32.816808
-17.530641,27.220572
-4.782528,7.513469
-1.571676,2.652195
-13.532255,16.035487
-21.071240,31.057270
11.030846,-21.921317
-11.343801,12.514890
6.947546,-17.423178
-3.526600,2.827398
1.896970,-7.059257
19.509099,-34.337516
17.542826,-36.129646
-5.685191,9.175783
-13.924797,17.516353
3.492106,-11.934092
-3.970076,4.888964
-14.425834,21.930963
-3.674120,-1.824223
-7.723890,6.192512
2.013158,-4.034610
13.865308,-26.856811
-9.710705,7.642695
0.355106,-0.781728
-13.545267,16.452947
-13.911769,16.654116
-6.914042,2.113320
3.899931,-9.139914
3.782629,-6.914364
-15.326030,23.958284
4.151099,-8.590957
-18.841002,32.118044
8.080565,-21.136854
-3.380660,5.804803
1.429224,-2.624923
-2.671452,1.841235
-6.744196,4.526042
0.164605,-0.562529
1.551092,-2.835281
0.127417,-0.396618
-1.356669,0.369831
-7.932603,11.365766
1.064337,-9.321982
0.149186,-0.398246
10.623612,-20.695251
1.334296,-8.224216
-3.848533,1.049118
-6.148611,4.345760
-16.989870,24.780190
-9.514701,13.405970
-1.740717,1.259952
-18.895564,27.793081
1.948865,-3.872930
3.516131,-8.206021
-17.123497,21.451852
-10.010140,16.081438
0.626127,-2.208978
-21.492606,36.904136
-9.699805,11.310411
-5.822941,0.954062
6.238853,-15.315991
-1.057300,1.636105
-17.138203,25.103062
-9.191329,15.151151
5.500642,-9.753279
-0.008001,0.004207
4.125239,-10.653999
15.637117,-29.189173
5.489326,-12.558932
-0.286376,0.414055
-22.977943,34.142699
-12.285357,20.461361
-3.257010,-0.356435
1.920238,-12.519049
-12.101066,19.769767
9.481253,-22.036731
-5.797702,8.732480
12.538209,-28.577681
15.558432,-33.423442
7.286582,-19.590314
-13.165102,17.914934
6.815933,-16.042079
1.853663,-5.268568
14.814572,-31.555232
3.225449,-10.859270
2.796839,-4.951780
-11.146591,16.496281
0.323359,-1.806838
-4.285994,4.332706
7.149428,-21.303469
-5.807548,9.842915
-1.650124,-1.599676
7.419941,-20.095208
-14.915883,19.480241
-3.569310,5.874987
1.488988,-2.636239
13.374520,-25.091280
0.876227,-9.531919
0.941532,-2.834786
-3.727270,1.016062
2.834009,-5.334794
-6.311828,9.146130
-12.042083,14.959386
-16.051582,21.384584
-21.047864,33.229051
-12.081493,20.298800
-0.791660,-6.450164
0.752413,-1.828723
1.077339,-2.102749
