-24.454871,25.709326
15.418221,-13.380656
-10.235979,10.579077
4.170603,1.621472
-4.533377,5.798370
5.714110,-5.384102
-0.651344,0.679338
14.686440,-14.631171
-2.622418,7.374532
-17.775854,21.460382
-18.466290,21.006221
-13.380110,17.854100
-0.329878,2.346374
8.842264,-6.999221
-2.693749,3.445413
12.622586,-11.174559
0.705795,-0.633271
1.003171,-0.263621
12.828919,-11.396247
16.687983,-16.063221
-4.058516,4.553318
-10.100401,15.551764
-12.502545,18.728350
-2.118160,6.785756
-17.454964,18.086779
1.692467,-1.237178
-7.293533,8.063919
-27.295973,29.129342
-9.869233,10.375492
-14.283262,15.971365
10.552021,-6.034269
27.975164,-23.389116
-3.465514,5.807647
-1.974312,4.727809
14.351162,-12.570601
13.108797,-12.283743
3.456549,-0.313530
6.899410,-0.969993
-1.712202,4.640581
10.391097,-4.877828
-11.667170,12.879265
-17.525008,17.657706
-9.731249,11.805196
-12.619552,12.844122
-11.586758,15.401231
-0.001629,0.375638
20.944462,-20.500084
14.953068,-13.650724
4.480973,-0.521281
5.137052,-3.153247
15.929677,-13.927869
2.561451,-0.232339
-5.413448,5.714110
-2.037298,3.381098
-7.510587,8.440451
-10.111430,12.422144
20.694689,-17.341361
4.324953,-3.774514
-6.283811,7.533145
17.015580,-14.353413
8.110589,-4.839716
-5.812817,12.140531
0.942639,1.806632
13.891414,-11.962890
-27.208959,28.996212
2.826161,3.205123
12.300110,-10.163882
12.616763,-7.453131
5.410349,-2.904865
0.590356,-0.465896
-2.464518,5.051575
16.905980,-10.732992
14.023125,-12.878981
-0.036126,0.052794
10.459494,-8.842186
14.067689,-12.254550
29.451316,-29.266787
-32.512025,32.799465
6.416512,-4.197270
-13.109823,15.789698
0.560958,4.026048
2.075168,-0.188230
0.255520,-0.248190
27.343006,-23.065065
-28.511542,31.473586
19.091082,-15.539841
6.800454,-3.843877
4.817962,1.096744
-15.751960,16.856980
20.824049,-17.207421
8.608582,-3.286865
0.380279,-0.282721
22.238889,-21.434186
-5.628634,8.544984
1.596703,-0.629394
-10.648634,11.091737
2.878887,-2.264994
-1.460041,1.660861
28.266184,-26.301622
5.681361,-5.454397
21.565744,-17.863127
-2.191130,3.602315
-1.386955,1.558669
-11.320085,11.320085
0.113997,0.025950
16.737052,-12.443294
-27.231985,30.552030
-32.711935,33.251939
16.729350,-15.654590
-17.308348,18.445268
1.322920,0.903248
-8.546042,9.107399
29.695634,-27.232149
-14.835805,18.799090
-0.952015,1.646201
-4.042253,6.367120
-22.929469,26.625904
-3.351730,9.808798
4.827791,-1.268686
-4.125774,4.849467
-9.217615,11.644809
9.543930,-8.374923
14.543407,-12.159265
0.134340,-0.089682
-5.638921,6.026059
5.944189,-1.664207
4.204183,-3.347601
20.835523,-17.763053
7.045698,-5.836024
0.327172,-0.199004
-4.012326,4.777491
1.659645,1.882188
7.922166,-6.514349
-11.702083,15.676814
24.522990,-19.748766
10.190989,-4.255711
11.895392,-9.147123
-12.967011,13.298826
-10.278186,11.241720
12.482806,-13.981293
-31.886476,29.371601
28.120884,-29.968038
-8.481128,2.076210
4.508238,-5.969612
-2.609714,1.525637
8.156158,-11.310549
5.100666,-5.132826
-19.179491,14.538594
-10.975747,10.948195
-6.210254,0.394920
-5.515560,3.473587
17.701458,-18.786436
-16.657772,12.122696
26.705839,-28.342725
28.102233,-29.195241
-6.651545,1.971578
32.196088,-33.712871
-7.892122,7.126866
0.024044,-0.073475
7.244742,-9.487974
1.105061,-1.139162
2.506397,-6.171831
-7.982112,5.885374
-10.413717,10.335458
-8.793278,8.541016
-25.756532,24.068122
5.367074,-6.760191
-0.147756,-0.057446
1.325044,-3.877725
0.757333,-1.183633
26.051115,-26.994084
-23.978501,21.755790
-6.564196,6.019644
-2.204561,2.155044
-17.221444,11.986686
-28.391468,24.545381
16.328634,-18.319373
-14.196362,9.152464
11.220264,-15.031340
-4.138218,1.818305
3.659402,-6.327747
27.731546,-28.118168
26.296109,-30.358141
-7.866340,7.391690
-17.983887,13.315495
6.461885,-10.623625
-5.100156,3.694845
-19.610437,17.450003
-3.076784,-2.712996
-9.063445,3.982417
2.988795,-3.376090
20.343914,-22.353082
-11.357896,4.868961
0.545332,-0.663183
-17.342059,12.386554
-17.748139,12.486010
-7.225419,0.251825
6.132628,-7.819103
5.443308,-5.699747
-21.004668,19.175257
6.233157,-7.223843
-26.511772,26.147238
13.275847,-18.325229
-4.767861,4.732030
2.059905,-2.165571
-3.056971,1.087073
-7.685819,2.626294
0.304589,-0.500758
2.232064,-2.337219
0.225728,-0.350126
-1.406161,0.006097
-10.603983,8.925378
3.440778,-8.728873
0.247176,-0.346064
15.617946,-17.240484
3.417414,-7.598641
-3.988929,0.017297
-7.063868,2.606304
-22.824540,19.538524
-12.660216,10.486586
-2.007503,0.766490
-25.445092,21.955523
2.884847,-3.236559
5.520196,-7.016366
-22.092176,16.289011
-13.831235,12.942661
1.176518,-1.971655
-30.311757,30.083963
-12.296642,8.414524
-5.871458,-0.585535
9.990339,-13.179377
-1.444729,1.306707
-23.051384,19.812003
-12.799549,12.255997
7.837546,-7.997274
-0.008817,0.001992
6.742133,-9.223282
22.659009,-24.147393
8.552773,-10.710255
-0.383783,0.325826
-31.031769,27.032185
-17.162533,16.584472
-3.053778,-1.187266
5.094976,-11.595478
-16.805525,15.964143
14.861713,-18.831919
-7.860282,6.934373
19.507428,-24.358793
23.678915,-28.257748
12.108645,-17.036884
-17.353238,13.897118
10.735682,-13.731366
3.154107,-4.609283
22.476873,-26.645720
5.926131,-9.654441
3.983154,-4.059177
-15.036332,13.049234
0.779985,-1.661580
-5.261339,3.075776
12.419560,-18.727163
-8.157194,8.004422
-1.179871,-1.972252
12.368135,-17.490058
-19.449494,14.955953
-4.968247,4.750996
2.120560,-2.161033
19.412895,-20.774735
3.313412,-8.980342
1.643147,-2.494506
-3.863243,0.016752
4.118189,-4.419519
-8.463951,7.200862
-15.503533,11.332937
-21.039375,16.501467
-28.930987,26.649210
-16.923542,16.480214
0.904740,-6.435277
1.200083,-1.571672
1.584861,-1.752264
