-8.323877,34.492365
6.662243,-19.297099
-3.575079,14.279739
4.422584,-0.681066
-1.026835,7.288225
2.256514,-7.519824
-0.224412,0.913996
5.403245,-20.014186
1.416185,7.697741
-4.664150,27.473164
-5.489166,27.425066
-2.660465,22.152159
0.887504,2.196958
4.158015,-10.482635
-0.610149,4.330689
5.344201,-15.988745
0.294601,-0.901326
0.736961,-0.729888
5.412046,-16.283899
6.420607,-22.255149
-1.238119,5.972547
-0.971322,18.518423
-1.463346,22.470500
1.558498,6.935717
-6.073053,24.391093
0.847131,-1.917661
-2.284426,10.630325
-9.074335,38.874737
-3.359260,13.920057
-4.383985,20.973238
6.121184,-10.501841
12.532645,-34.243150
-0.097400,6.762327
0.654100,5.081558
6.143171,-18.062040
5.210679,-17.192432
2.836694,-1.999799
5.490068,-4.289744
0.837480,4.874962
6.560040,-9.419871
-3.664434,16.987356
-6.348249,24.054526
-2.524911,15.089225
-4.506792,17.433112
-2.333811,19.131236
0.186408,0.326126
7.888394,-28.225824
6.124375,-19.298408
3.619996,-2.691929
2.872194,-5.299318
6.831571,-20.026727
2.102112,-1.481937
-1.831129,7.655288
-0.073803,3.946766
-2.284134,11.064939
-2.545683,15.813607
9.251446,-25.365403
1.858262,-5.431301
-1.675367,9.665801
7.559218,-20.938210
4.604119,-8.246611
1.036218,13.420417
1.719665,1.093270
6.048873,-17.305874
-9.065544,38.715936
4.050089,1.362637
5.570267,-14.952235
7.199872,-12.762982
3.233067,-5.220861
0.278316,-0.698656
0.391452,5.607051
9.274512,-17.748033
5.704892,-18.165088
-0.004890,0.063784
4.637095,-12.887304
6.055701,-17.646596
10.872194,-40.071439
-11.756507,44.661182
3.458228,-6.843199
-3.458591,20.229191
2.498828,3.206181
1.703033,-1.200596
0.097192,-0.342699
12.147206,-33.646436
-8.954926,41.512696
8.763442,-23.003438
3.967427,-6.729123
4.720849,-1.459172
-5.213107,22.474553
9.430445,-25.314088
5.811818,-7.150800
0.187971,-0.434983
8.542350,-29.681994
-0.602048,10.214490
1.068088,-1.343423
-3.676119,14.930043
1.360693,-3.400986
-0.434002,2.168369
11.328422,-36.910964
2.193005,-7.564326
9.744919,-26.252794
-0.096417,4.215261
-0.421803,2.043325
-4.143439,15.463523
0.111699,-0.034525
8.273065,-19.144735
-8.307576,40.074827
-11.703398,45.152992
6.660747,-21.921948
-5.766835,24.628244
1.597307,0.120775
-2.847390,12.160259
12.101099,-38.431550
-3.448639,23.698392
-0.001369,1.901660
-0.317134,7.535214
-6.544551,34.523444
2.001716,10.170533
3.546647,-3.512610
-1.148291,6.262649
-2.160284,14.693508
4.077824,-12.024861
6.515327,-17.801935
0.071501,-0.144837
-1.870419,8.038181
4.315715,-4.413340
1.967129,-5.001199
9.162565,-25.801016
3.183742,-8.576994
0.183837,-0.335928
-1.086031,6.143591
2.378389,0.800200
3.603623,-9.602675
-2.295894,19.427561
11.363150,-29.364428
6.697800,-8.781049
5.728150,-13.869337
-4.580348,18.000626
-3.280311,14.874708
3.819781,-18.349558
-12.928698,41.379791
9.369381,-40.013524
-6.306767,6.038614
0.919443,-7.423955
-1.497260,2.626097
1.408166,-13.873301
1.850893,-6.995491
-9.340629,22.180537
-4.031178,14.969288
-5.180778,3.447138
-3.039821,5.765995
5.936694,-25.120260
-8.364706,18.827449
8.956573,-37.898439
9.739627,-39.334937
-4.774618,5.033209
11.026195,-45.294247
-3.271345,10.118108
-0.015915,-0.075653
1.530144,-11.839198
0.387430,-1.539074
-0.915312,-6.598161
-3.970025,9.087939
-3.850815,14.157628
-3.344694,11.793376
-10.271750,33.721871
1.267927,-8.538034
-0.156684,0.024129
-0.791341,-4.020730
0.064053,-1.403723
9.063886,-36.403120
-9.888096,30.830317
-2.674938,8.495263
-0.831684,2.968604
-8.920865,18.991497
-12.315042,35.452658
4.981325,-24.029360
-7.718178,15.024448
2.201364,-18.627655
-2.674649,3.643808
0.005262,-7.309691
9.957140,-38.216820
7.594028,-39.438976
-3.116606,10.334561
-8.916756,20.523500
0.284345,-12.431271
-2.569442,5.749908
-8.258135,24.917364
-4.021071,-0.811132
-5.857965,7.980597
0.900327,-4.418178
6.441805,-29.530294
-7.401746,9.895592
0.140679,-0.847000
-8.825387,19.398100
-9.127334,19.687271
-6.131484,3.830796
1.401460,-9.837856
1.864170,-7.657779
-8.602948,27.108594
1.786151,-9.372610
-9.886249,35.900058
2.334606,-22.508037
-1.763073,6.481988
0.701144,-2.905392
-2.103878,2.469919
-5.342968,6.117347
0.013403,-0.585964
0.764415,-3.140123
0.020423,-0.416081
-1.214723,0.708361
-4.720629,13.031596
-1.384636,-9.279814
0.041029,-0.423288
4.905296,-22.739670
-0.839753,-8.289323
-3.445865,2.009444
-4.814337,5.789060
-9.997369,28.333128
-5.720775,15.411758
-1.355304,1.667551
-11.058335,31.736586
0.880071,-4.245366
1.272447,-8.836449
-10.987880,25.152785
-5.506870,18.124291
0.033066,-2.295762
-11.208770,41.209354
-6.441942,13.435512
-5.377599,2.428641
2.062199,-16.408845
-0.597818,1.854006
-10.057083,28.683389
-4.956736,17.013780
2.788877,-10.844615
-0.006640,0.006134
1.227217,-11.358663
7.549581,-32.241760
2.051791,-13.551739
-0.169453,0.474066
-13.358208,38.926444
-6.570953,22.943841
-3.238282,0.498687
-1.385361,-12.589466
-6.571940,22.228115
3.454661,-23.739777
-3.340018,9.935484
4.714531,-30.849048
6.377668,-36.311385
1.967952,-20.808697
-8.079786,20.711876
2.431690,-17.259552
0.426895,-5.568809
6.142683,-34.314307
0.304959,-11.324057
1.419924,-5.506927
-6.497228,18.819134
-0.155303,-1.828963
-3.018565,5.294369
1.392073,-22.427979
-3.062126,11.010630
-2.007924,-1.118085
1.966090,-21.330902
-9.365779,22.676983
-1.927130,6.598607
0.755943,-2.931790
6.424693,-27.697896
-1.620672,-9.433911
0.175754,-2.981879
-3.337291,1.946129
1.356697,-5.886511
-3.729565,10.468105
-7.759985,17.566378
-9.969900,24.810377
-11.730365,37.544387
-6.416110,22.734056
-2.434110,-6.025483
0.253467,-1.961150
0.496398,-2.309935
